0.7517622962689156 0.9871651802070198
0.31314007109912745 0.14703079378244865
0.11633968896676461 0.014075812097351537
0.9370042242361648 0.7656479505033045
0.7686268383931162 0.22769846388300408
0.6671195634727078 0.6267386720151394
0.769851710680593 0.5884878380356601
0.5240539991578492 0.6689983936710049
0.4045811251482947 0.09168559407698806
0.7688300849670072 0.7293134441329276
0.9688544390264895 0.554765441872358
0.514391890136862 0.1047010197359487
0.23978825641054524 0.9887653421886197
0.11230741663555288 0.1367242280947878
0.6951065220124163 0.7477618997435062
0.23819730744512646 0.4227734769159299
0.4522502075788124 0.18872175656388646
0.7606104118281163 0.1489142082972903
0 0
0.6074930769595289 0.23369489485021888
0.879774693756816 0.8130647611350101
0.688607672900606 0.9046891222964533
0.7335510011852928 0.5823259788295685
0.7906382054251245 0.834360847124102
0.00023153920254914695 0.1938403895625732
0.6075658508516546 0.39349788781189343
0.057898533385667195 0.6325559057400978
0.8946667150635521 0.6900829659205884
0.6482892600258325 0.908604633378551
0.38988020657974143 0.45031050724102195
0.6963474575646642 0.4749052114345349
0.9727482358327297 0.15321235304935843
0.40451819035672787 0.5284463723571303
0.011718358057979716 0.2688747582421084
0.6573758315973924 0.8402288812758173
0.9272572526142445 0.9974590428501106
0.2618406677794326 0.5659522080050791
0.04158266214751505 0.7772403981768391
0.8716494382349081 0.589865991234209
0.3386400861541432 0.48213653875561313
0.2757303530309948 0.6272799735297956
0.6862057829034566 0.24569317197228568
0.5380969898009194 0.04301521564397226
0.9274469380493447 0.5706436662278521
0.8757395124404519 0.3062255638981731
0.07116776317711315 0.777347262329865
0.6147847224900926 0.6374807361019182
0.4124560331267597 0.7548418043668399
0.8170004379305429 0.027521616644202607
0.5606745995584621 0.9320991952809984
0.23162547125190747 0.05766444409451699
0.6599591692820627 0.45674204026307474
0.8447816204980725 0.34691702900965626
0.7722287696554715 0.06751444455360156
0.27668053873267917 0.4846289921855502
0.13087691916498168 0.993939271661573
0.7621928028492823 0.4606712174115115
0.9548187568500743 0.09023994222379839
0.9346776106188931 0.13571183382078922
0.6611206853936714 0.60026542122942
0.008759489394576159 0.09138332629372292
0.6296709934824155 0.8456024280107024
0.1548192579156933 0.9281634458227604
0.3530499341778437 0.8788932707643616
0.1473913846808581 0.4207950009858895
0.4810754817639049 0.4579491352318228
0.5244736248632426 0.6016851948779847
0.523171012778975 0.9114010734391412
0.8828982951857323 0.21779588647646642
0.6358362534773213 0.6612162580162623
0.7986415041745181 0.9758819004935998
0.9594310923661015 0.48114326764296866
0.49331844702100636 0.8394063279051411
0.6436450433108656 0.7827162498618172
0.5187904311572443 0.9513725962895512
0.50184743802193 0.7777999726618285
0.13919732793611383 0.18441813956360542
0.6654753042926695 0.830087920270581
0.9425505129040299 0.9157541814626985
0.23420893747830562 0.40362149344957665
0.9685063915421319 0.7815623013961849
0.654163680055885 0.9815633644746604
0.2900342459339841 0.8040941444448985
0.09807294003681266 0.7678674504386901
0.4509517814630001 0.7362296704034543
0.8137488660560491 0.09060047365009694
0.09887905715684486 0.7817799969670082
0.6723275540999792 0.9482055323578131
0.9360250727345635 0.7615052772323719
0.5615313693692632 0.5089761025198188
0.946676903096212 0.44819086045453393
0.02156458673788819 0.06105649719334327
0.9514697085533284 0.3818706103870977
0.7214399197300785 0.3247031153786949
0.17751055662471638 0.16782539402527863
0.09098219033353128 0.7073788465731139
0.5647468079513077 0.15585120479991144
0.5428776812415074 0.5672770624730508
0.9275628968300511 0.42672017124666817
0.8218045862321046 0.49047047893342777
