f0 2 2
0 2
1 0
1 1
1 2
2 1
f1 2 2
0 1
1 0
1 1
2 1
2 2
f2 2 2
0 1
1 0
1 1
1 2
2 0
f3 2 2
0 0
0 1
1 1
1 2
2 1
f4 2 2
0 1
1 1
1 2
2 0
2 1
f5 2 2
0 0
1 0
1 1
1 2
2 1
f6 2 2
0 1
0 2
1 0
1 1
2 1
f7 2 2
0 1
1 0
1 1
1 2
2 2
i0 0 4
0 0
0 1
0 2
0 3
0 4
i1 4 0
0 0
1 0
2 0
3 0
4 0
l0 1 3
0 0
0 1
0 2
0 3
1 0
l1 3 1
0 0
0 1
1 1
2 1
3 1
l2 1 3
0 3
1 0
1 1
1 2
1 3
l3 3 1
0 0
1 0
2 0
3 0
3 1
l4 3 1
0 0
0 1
1 0
2 0
3 0
l5 1 3
0 0
0 1
0 2
0 3
1 3
l6 3 1
0 1
1 1
2 1
3 0
3 1
l7 1 3
0 0
1 0
1 1
1 2
1 3
n0 1 3
0 0
0 1
0 2
1 2
1 3
n1 3 1
0 1
1 1
2 0
2 1
3 0
n2 1 3
0 0
0 1
1 1
1 2
1 3
n3 3 1
0 1
1 0
1 1
2 0
3 0
n4 3 1
0 0
1 0
2 0
2 1
3 1
n5 1 3
0 1
0 2
0 3
1 0
1 1
n6 3 1
0 0
1 0
1 1
2 1
3 1
n7 1 3
0 2
0 3
1 0
1 1
1 2
p0 1 2
0 0
0 1
0 2
1 1
1 2
p1 2 1
0 1
1 0
1 1
2 0
2 1
p2 1 2
0 0
0 1
1 0
1 1
1 2
p3 2 1
0 0
0 1
1 0
1 1
2 0
p4 2 1
0 0
1 0
1 1
2 0
2 1
p5 1 2
0 0
0 1
0 2
1 0
1 1
p6 2 1
0 0
0 1
1 0
1 1
2 1
p7 1 2
0 1
0 2
1 0
1 1
1 2
t0 2 2
0 2
1 0
1 1
1 2
2 2
t1 2 2
0 1
1 1
2 0
2 1
2 2
t2 2 2
0 0
1 0
1 1
1 2
2 0
t3 2 2
0 0
0 1
0 2
1 1
2 1
u0 2 1
0 0
0 1
1 0
2 0
2 1
u1 1 2
0 0
0 1
0 2
1 0
1 2
u2 2 1
0 0
0 1
1 1
2 0
2 1
u3 1 2
0 0
0 2
1 0
1 1
1 2
v0 2 2
0 0
0 1
0 2
1 0
2 0
v1 2 2
0 0
0 1
0 2
1 2
2 2
v2 2 2
0 2
1 2
2 0
2 1
2 2
v3 2 2
0 0
1 0
2 0
2 1
2 2
x0 2 2
0 1
1 0
1 1
1 2
2 1
w0 2 2
0 1
0 2
1 0
1 1
2 0
w1 2 2
0 0
0 1
1 1
1 2
2 2
w2 2 2
0 2
1 1
1 2
2 0
2 1
w3 2 2
0 0
1 0
1 1
2 1
2 2
y0 1 3
0 2
1 0
1 1
1 2
1 3
y1 3 1
0 0
1 0
2 0
2 1
3 0
y2 1 3
0 0
0 1
0 2
0 3
1 1
y3 3 1
0 1
1 0
1 1
2 1
3 1
y4 3 1
0 1
1 1
2 0
2 1
3 1
y5 1 3
0 1
1 0
1 1
1 2
1 3
y6 3 1
0 0
1 0
1 1
2 0
3 0
y7 1 3
0 0
0 1
0 2
0 3
1 2
z0 2 2
0 2
1 0
1 1
1 2
2 0
z1 2 2
0 0
0 1
1 1
2 1
2 2
z2 2 2
0 1
0 2
1 1
2 0
2 1
z3 2 2
0 0
1 0
1 1
1 2
2 2
