0.751762 0.987165 0.798642 1
0.31314 0.147031 0.514392 0.184418
0.11634 0.0140758 0.817 0.0430152
0.937004 0.765648 0.968506 0.915754
0.768627 0.227698 0.87574 0.324703
0.66712 0.626739 0.76883 0.747762
0.769852 0.588488 0.871649 0.729313
0.524054 0.668998 0.635836 0.7778
0.404581 0.0916856 0.514392 0.147031
0.76883 0.729313 0.879775 0.834361
0.968854 0.554765 1 0.570644
0.514392 0.104701 0.538097 0.188722
0.239788 0.988765 0.51879 1
0.112307 0.136724 0.31314 0.167825
0.695107 0.747762 0.76883 0.830088
0.238197 0.422773 0.38988 0.482137
0.45225 0.188722 0.607493 0.450311
0.76061 0.148914 0.813749 0.227698
0 0 1 0.0140758
0.607493 0.233695 0.686206 0.393498
0.879775 0.813065 0.937004 0.975882
0.688608 0.904689 0.790638 0.981563
0.733551 0.582326 0.769852 0.626739
0.790638 0.834361 0.879775 0.975882
0.000231539 0.19384 0.139197 0.268875
0.607566 0.393498 0.72144 0.456742
0.0578985 0.632556 0.27573 0.707379
0.894667 0.690083 0.927447 0.813065
0.648289 0.908605 0.672328 0.981563
0.38988 0.450311 0.481075 0.528446
0.696347 0.474905 0.762193 0.582326
0.972748 0.153212 1 0.381871
0.404518 0.528446 0.524054 0.73623
0.0117184 0.268875 0.139197 0.632556
0.657376 0.840229 0.790638 0.904689
0.927257 0.997459 1 1
0.261841 0.565952 0.404518 0.62728
0.0415827 0.77724 0.0711678 1
0.871649 0.589866 0.927447 0.690083
0.33864 0.482137 0.38988 0.565952
0.27573 0.62728 0.404518 0.804094
0.686206 0.245693 0.768627 0.324703
0.538097 0.0430152 0.76061 0.155851
0.927447 0.570644 1 0.761505
0.87574 0.306226 0.927563 0.49047
0.0711678 0.777347 0.0980729 0.993939
0.614785 0.637481 0.66712 0.661216
0.412456 0.754842 0.501847 0.804094
0.817 0.0275216 1 0.0902399
0.560675 0.932099 0.648289 1
0.231625 0.0576644 0.538097 0.0913833
0.659959 0.456742 0.696347 0.600265
0.844782 0.346917 0.87574 0.49047
0.772229 0.0675144 0.813749 0.148914
0.276681 0.484629 0.33864 0.565952
0.130877 0.993939 0.239788 1
0.762193 0.460671 0.821805 0.582326
0.954819 0.0902399 1 0.135712
0.934678 0.135712 0.972748 0.381871
0.661121 0.600265 0.733551 0.626739
0.00875949 0.0913833 0.404581 0.136724
0.629671 0.845602 0.657376 0.904689
0.154819 0.928163 0.51879 0.988765
0.35305 0.878893 0.493318 0.928163
0.147391 0.420795 0.238197 0.632556
0.481075 0.457949 0.659959 0.508976
0.524474 0.601685 0.614785 0.668998
0.523171 0.911401 0.648289 0.932099
0.882898 0.217796 0.934678 0.306226
0.635836 0.661216 0.66712 0.7778
0.798642 0.975882 0.927257 1
0.959431 0.481143 1 0.554765
0.493318 0.839406 0.629671 0.911401
0.643645 0.782716 0.695107 0.830088
0.51879 0.951373 0.560675 1
0.501847 0.7778 0.643645 0.839406
0.139197 0.184418 0.45225 0.403621
0.665475 0.830088 0.76883 0.840229
0.942551 0.915754 1 0.997459
0.234209 0.403621 0.45225 0.420795
0.968506 0.781562 1 0.915754
0.654164 0.981563 0.751762 1
0.290034 0.804094 0.493318 0.878893
0.0980729 0.767867 0.27573 0.78178
0.450952 0.73623 0.524054 0.754842
0.813749 0.0906005 0.934678 0.217796
0.0988791 0.78178 0.27573 0.928163
0.672328 0.948206 0.688608 0.981563
0.936025 0.761505 1 0.765648
0.561531 0.508976 0.659959 0.567277
0.946677 0.448191 1 0.481143
0.0215646 0.0610565 0.231625 0.0913833
0.95147 0.381871 1 0.448191
0.72144 0.324703 0.844782 0.460671
0.177511 0.167825 0.31314 0.184418
0.0909822 0.707379 0.27573 0.767867
0.564747 0.155851 0.76061 0.188722
0.542878 0.567277 0.659959 0.601685
0.927563 0.42672 0.946677 0.570644
0.821805 0.49047 0.927447 0.588488
